# JS-style row-major view matrices for deterministic generation.
# The initial/origin camera is the 180-degree front view in exported poses.
# These 8 poses are 15-degree steps around that front view:
# left: 195, 210, 225, 240 degrees; right: 165, 150, 135, 120 degrees.
view_matrices:
  # left_15
  - [-0.965926, 0.0, 0.258819, 0.0, 0.0, -1, 0.0, 0.0, 0.258819, 0.0, 0.965926, 0.0, 0.0, 0.0, 0.0, 1]
  # left_30
  - [-0.866025, 0.0, 0.5, 0.0, 0.0, -1, 0.0, 0.0, 0.5, 0.0, 0.866025, 0.0, 0.0, 0.0, 0.0, 1]
  # left_45
  - [-0.707107, 0.0, 0.707107, 0.0, 0.0, -1, 0.0, 0.0, 0.707107, 0.0, 0.707107, 0.0, 0.0, 0.0, 0.0, 1]
  # left_60
  - [-0.5, 0.0, 0.866025, 0.0, 0.0, -1, 0.0, 0.0, 0.866025, 0.0, 0.5, 0.0, 0.0, 0.0, 0.0, 1]
  # right_15
  - [-0.965926, 0.0, -0.258819, 0.0, 0.0, -1, 0.0, 0.0, -0.258819, 0.0, 0.965926, 0.0, 0.0, 0.0, 0.0, 1]
  # right_30
  - [-0.866025, 0.0, -0.5, 0.0, 0.0, -1, 0.0, 0.0, -0.5, 0.0, 0.866025, 0.0, 0.0, 0.0, 0.0, 1]
  # right_45
  - [-0.707107, 0.0, -0.707107, 0.0, 0.0, -1, 0.0, 0.0, -0.707107, 0.0, 0.707107, 0.0, 0.0, 0.0, 0.0, 1]
  # right_60
  - [-0.5, 0.0, -0.866025, 0.0, 0.0, -1, 0.0, 0.0, -0.866025, 0.0, 0.5, 0.0, 0.0, 0.0, 0.0, 1]
